{
 "cells": [
  {
   "cell_type": "markdown",
   "metadata": {},
   "source": [
    "# 0. Install and Import Dependencies"
   ]
  },
  {
   "cell_type": "code",
   "execution_count": 3,
   "metadata": {},
   "outputs": [
    {
     "name": "stdout",
     "output_type": "stream",
     "text": [
      "Requirement already satisfied: stable-baselines3 in ./.venv/lib/python3.12/site-packages (2.3.2)\n",
      "Requirement already satisfied: gym-anytrading in ./.venv/lib/python3.12/site-packages (2.0.0)\n",
      "Requirement already satisfied: gym in ./.venv/lib/python3.12/site-packages (0.26.2)\n",
      "Requirement already satisfied: gymnasium<0.30,>=0.28.1 in ./.venv/lib/python3.12/site-packages (from stable-baselines3) (0.29.1)\n",
      "Requirement already satisfied: numpy>=1.20 in ./.venv/lib/python3.12/site-packages (from stable-baselines3) (2.1.2)\n",
      "Requirement already satisfied: torch>=1.13 in ./.venv/lib/python3.12/site-packages (from stable-baselines3) (2.5.1)\n",
      "Requirement already satisfied: cloudpickle in ./.venv/lib/python3.12/site-packages (from stable-baselines3) (3.1.0)\n",
      "Requirement already satisfied: pandas in ./.venv/lib/python3.12/site-packages (from stable-baselines3) (2.2.3)\n",
      "Requirement already satisfied: matplotlib in ./.venv/lib/python3.12/site-packages (from stable-baselines3) (3.9.2)\n",
      "Requirement already satisfied: gym-notices>=0.0.4 in ./.venv/lib/python3.12/site-packages (from gym) (0.0.8)\n",
      "Requirement already satisfied: typing-extensions>=4.3.0 in ./.venv/lib/python3.12/site-packages (from gymnasium<0.30,>=0.28.1->stable-baselines3) (4.12.2)\n",
      "Requirement already satisfied: farama-notifications>=0.0.1 in ./.venv/lib/python3.12/site-packages (from gymnasium<0.30,>=0.28.1->stable-baselines3) (0.0.4)\n",
      "Requirement already satisfied: contourpy>=1.0.1 in ./.venv/lib/python3.12/site-packages (from matplotlib->stable-baselines3) (1.3.0)\n",
      "Requirement already satisfied: cycler>=0.10 in ./.venv/lib/python3.12/site-packages (from matplotlib->stable-baselines3) (0.12.1)\n",
      "Requirement already satisfied: fonttools>=4.22.0 in ./.venv/lib/python3.12/site-packages (from matplotlib->stable-baselines3) (4.54.1)\n",
      "Requirement already satisfied: kiwisolver>=1.3.1 in ./.venv/lib/python3.12/site-packages (from matplotlib->stable-baselines3) (1.4.7)\n",
      "Requirement already satisfied: packaging>=20.0 in ./.venv/lib/python3.12/site-packages (from matplotlib->stable-baselines3) (24.1)\n",
      "Requirement already satisfied: pillow>=8 in ./.venv/lib/python3.12/site-packages (from matplotlib->stable-baselines3) (11.0.0)\n",
      "Requirement already satisfied: pyparsing>=2.3.1 in ./.venv/lib/python3.12/site-packages (from matplotlib->stable-baselines3) (3.2.0)\n",
      "Requirement already satisfied: python-dateutil>=2.7 in ./.venv/lib/python3.12/site-packages (from matplotlib->stable-baselines3) (2.9.0.post0)\n",
      "Requirement already satisfied: pytz>=2020.1 in ./.venv/lib/python3.12/site-packages (from pandas->stable-baselines3) (2024.2)\n",
      "Requirement already satisfied: tzdata>=2022.7 in ./.venv/lib/python3.12/site-packages (from pandas->stable-baselines3) (2024.2)\n",
      "Requirement already satisfied: filelock in ./.venv/lib/python3.12/site-packages (from torch>=1.13->stable-baselines3) (3.16.1)\n",
      "Requirement already satisfied: networkx in ./.venv/lib/python3.12/site-packages (from torch>=1.13->stable-baselines3) (3.4.2)\n",
      "Requirement already satisfied: jinja2 in ./.venv/lib/python3.12/site-packages (from torch>=1.13->stable-baselines3) (3.1.4)\n",
      "Requirement already satisfied: fsspec in ./.venv/lib/python3.12/site-packages (from torch>=1.13->stable-baselines3) (2024.10.0)\n",
      "Requirement already satisfied: setuptools in ./.venv/lib/python3.12/site-packages (from torch>=1.13->stable-baselines3) (75.3.0)\n",
      "Requirement already satisfied: sympy==1.13.1 in ./.venv/lib/python3.12/site-packages (from torch>=1.13->stable-baselines3) (1.13.1)\n",
      "Requirement already satisfied: mpmath<1.4,>=1.1.0 in ./.venv/lib/python3.12/site-packages (from sympy==1.13.1->torch>=1.13->stable-baselines3) (1.3.0)\n",
      "Requirement already satisfied: six>=1.5 in ./.venv/lib/python3.12/site-packages (from python-dateutil>=2.7->matplotlib->stable-baselines3) (1.16.0)\n",
      "Requirement already satisfied: MarkupSafe>=2.0 in ./.venv/lib/python3.12/site-packages (from jinja2->torch>=1.13->stable-baselines3) (3.0.2)\n"
     ]
    }
   ],
   "source": [
    "!pip install stable-baselines3 gym-anytrading gym"
   ]
  },
  {
   "cell_type": "code",
   "execution_count": 4,
   "metadata": {},
   "outputs": [],
   "source": [
    "# Gym Environment Imports\n",
    "import gym\n",
    "import gym_anytrading\n",
    "\n",
    "# Stable-Baselines3 Imports\n",
    "from stable_baselines3 import A2C\n",
    "from stable_baselines3.common.vec_env import DummyVecEnv\n",
    "\n",
    "# Other Imports\n",
    "import pandas as pd\n",
    "import numpy as np\n",
    "import matplotlib.pyplot as plt"
   ]
  },
  {
   "cell_type": "markdown",
   "metadata": {},
   "source": [
    "# 1. Loading MarketWatch Data\n",
    "\n",
    "NVIDIA Corp. Historical Quotes from 10/30/2023 to 10/28/2024"
   ]
  },
  {
   "cell_type": "code",
   "execution_count": 5,
   "metadata": {},
   "outputs": [],
   "source": [
    "df = pd.read_csv('data/NVDA.csv')"
   ]
  },
  {
   "cell_type": "code",
   "execution_count": 6,
   "metadata": {},
   "outputs": [
    {
     "data": {
      "text/html": [
       "<div>\n",
       "<style scoped>\n",
       "    .dataframe tbody tr th:only-of-type {\n",
       "        vertical-align: middle;\n",
       "    }\n",
       "\n",
       "    .dataframe tbody tr th {\n",
       "        vertical-align: top;\n",
       "    }\n",
       "\n",
       "    .dataframe thead th {\n",
       "        text-align: right;\n",
       "    }\n",
       "</style>\n",
       "<table border=\"1\" class=\"dataframe\">\n",
       "  <thead>\n",
       "    <tr style=\"text-align: right;\">\n",
       "      <th></th>\n",
       "      <th>Date</th>\n",
       "      <th>Open</th>\n",
       "      <th>High</th>\n",
       "      <th>Low</th>\n",
       "      <th>Close</th>\n",
       "      <th>Volume</th>\n",
       "    </tr>\n",
       "  </thead>\n",
       "  <tbody>\n",
       "    <tr>\n",
       "      <th>0</th>\n",
       "      <td>10/28/2024</td>\n",
       "      <td>143.00</td>\n",
       "      <td>143.14</td>\n",
       "      <td>140.05</td>\n",
       "      <td>140.52</td>\n",
       "      <td>173,586,703</td>\n",
       "    </tr>\n",
       "    <tr>\n",
       "      <th>1</th>\n",
       "      <td>10/25/2024</td>\n",
       "      <td>140.93</td>\n",
       "      <td>144.13</td>\n",
       "      <td>140.80</td>\n",
       "      <td>141.54</td>\n",
       "      <td>205,122,094</td>\n",
       "    </tr>\n",
       "    <tr>\n",
       "      <th>2</th>\n",
       "      <td>10/24/2024</td>\n",
       "      <td>140.82</td>\n",
       "      <td>141.35</td>\n",
       "      <td>138.46</td>\n",
       "      <td>140.41</td>\n",
       "      <td>172,354,891</td>\n",
       "    </tr>\n",
       "    <tr>\n",
       "      <th>3</th>\n",
       "      <td>10/23/2024</td>\n",
       "      <td>142.03</td>\n",
       "      <td>142.43</td>\n",
       "      <td>137.46</td>\n",
       "      <td>139.56</td>\n",
       "      <td>285,929,969</td>\n",
       "    </tr>\n",
       "    <tr>\n",
       "      <th>4</th>\n",
       "      <td>10/22/2024</td>\n",
       "      <td>142.91</td>\n",
       "      <td>144.42</td>\n",
       "      <td>141.78</td>\n",
       "      <td>143.59</td>\n",
       "      <td>226,311,594</td>\n",
       "    </tr>\n",
       "  </tbody>\n",
       "</table>\n",
       "</div>"
      ],
      "text/plain": [
       "         Date    Open    High     Low   Close       Volume\n",
       "0  10/28/2024  143.00  143.14  140.05  140.52  173,586,703\n",
       "1  10/25/2024  140.93  144.13  140.80  141.54  205,122,094\n",
       "2  10/24/2024  140.82  141.35  138.46  140.41  172,354,891\n",
       "3  10/23/2024  142.03  142.43  137.46  139.56  285,929,969\n",
       "4  10/22/2024  142.91  144.42  141.78  143.59  226,311,594"
      ]
     },
     "execution_count": 6,
     "metadata": {},
     "output_type": "execute_result"
    }
   ],
   "source": [
    "df.head()"
   ]
  },
  {
   "cell_type": "code",
   "execution_count": 8,
   "metadata": {},
   "outputs": [
    {
     "data": {
      "text/plain": [
       "Date      datetime64[ns]\n",
       "Open             float64\n",
       "High             float64\n",
       "Low              float64\n",
       "Close            float64\n",
       "Volume            object\n",
       "dtype: object"
      ]
     },
     "execution_count": 8,
     "metadata": {},
     "output_type": "execute_result"
    }
   ],
   "source": [
    "df['Date'] = pd.to_datetime(df['Date'])\n",
    "df.dtypes"
   ]
  },
  {
   "cell_type": "code",
   "execution_count": 9,
   "metadata": {},
   "outputs": [
    {
     "data": {
      "text/html": [
       "<div>\n",
       "<style scoped>\n",
       "    .dataframe tbody tr th:only-of-type {\n",
       "        vertical-align: middle;\n",
       "    }\n",
       "\n",
       "    .dataframe tbody tr th {\n",
       "        vertical-align: top;\n",
       "    }\n",
       "\n",
       "    .dataframe thead th {\n",
       "        text-align: right;\n",
       "    }\n",
       "</style>\n",
       "<table border=\"1\" class=\"dataframe\">\n",
       "  <thead>\n",
       "    <tr style=\"text-align: right;\">\n",
       "      <th></th>\n",
       "      <th>Open</th>\n",
       "      <th>High</th>\n",
       "      <th>Low</th>\n",
       "      <th>Close</th>\n",
       "      <th>Volume</th>\n",
       "    </tr>\n",
       "    <tr>\n",
       "      <th>Date</th>\n",
       "      <th></th>\n",
       "      <th></th>\n",
       "      <th></th>\n",
       "      <th></th>\n",
       "      <th></th>\n",
       "    </tr>\n",
       "  </thead>\n",
       "  <tbody>\n",
       "    <tr>\n",
       "      <th>2024-10-28</th>\n",
       "      <td>143.00</td>\n",
       "      <td>143.14</td>\n",
       "      <td>140.05</td>\n",
       "      <td>140.52</td>\n",
       "      <td>173,586,703</td>\n",
       "    </tr>\n",
       "    <tr>\n",
       "      <th>2024-10-25</th>\n",
       "      <td>140.93</td>\n",
       "      <td>144.13</td>\n",
       "      <td>140.80</td>\n",
       "      <td>141.54</td>\n",
       "      <td>205,122,094</td>\n",
       "    </tr>\n",
       "    <tr>\n",
       "      <th>2024-10-24</th>\n",
       "      <td>140.82</td>\n",
       "      <td>141.35</td>\n",
       "      <td>138.46</td>\n",
       "      <td>140.41</td>\n",
       "      <td>172,354,891</td>\n",
       "    </tr>\n",
       "    <tr>\n",
       "      <th>2024-10-23</th>\n",
       "      <td>142.03</td>\n",
       "      <td>142.43</td>\n",
       "      <td>137.46</td>\n",
       "      <td>139.56</td>\n",
       "      <td>285,929,969</td>\n",
       "    </tr>\n",
       "    <tr>\n",
       "      <th>2024-10-22</th>\n",
       "      <td>142.91</td>\n",
       "      <td>144.42</td>\n",
       "      <td>141.78</td>\n",
       "      <td>143.59</td>\n",
       "      <td>226,311,594</td>\n",
       "    </tr>\n",
       "  </tbody>\n",
       "</table>\n",
       "</div>"
      ],
      "text/plain": [
       "              Open    High     Low   Close       Volume\n",
       "Date                                                   \n",
       "2024-10-28  143.00  143.14  140.05  140.52  173,586,703\n",
       "2024-10-25  140.93  144.13  140.80  141.54  205,122,094\n",
       "2024-10-24  140.82  141.35  138.46  140.41  172,354,891\n",
       "2024-10-23  142.03  142.43  137.46  139.56  285,929,969\n",
       "2024-10-22  142.91  144.42  141.78  143.59  226,311,594"
      ]
     },
     "execution_count": 9,
     "metadata": {},
     "output_type": "execute_result"
    }
   ],
   "source": [
    "df.set_index('Date', inplace=True)\n",
    "df.head()"
   ]
  },
  {
   "cell_type": "code",
   "execution_count": null,
   "metadata": {},
   "outputs": [],
   "source": []
  }
 ],
 "metadata": {
  "kernelspec": {
   "display_name": ".venv",
   "language": "python",
   "name": "python3"
  },
  "language_info": {
   "codemirror_mode": {
    "name": "ipython",
    "version": 3
   },
   "file_extension": ".py",
   "mimetype": "text/x-python",
   "name": "python",
   "nbconvert_exporter": "python",
   "pygments_lexer": "ipython3",
   "version": "3.12.5"
  }
 },
 "nbformat": 4,
 "nbformat_minor": 2
}
